place(11.477, 0.939, -7.988, "Pyromancer", 780)
place(11.477, 0.939, -7.988, "Pyromancer", 1104)
upgrade(11.477, 2.289, -7.988, 762)
upgrade(11.477, 2.289, -7.988, 1190)
upgrade(11.477, 2.289, -7.988, 2248)
upgrade(11.477, 2.289, -7.988, 3804)
place(9.364, 0.936, -6.619, "Shotgunner", 2126)
upgrade(9.364, 2.286, -6.619, 836)
upgrade(9.364, 2.286, -6.619, 1931)
place(12.550, 0.926, -5.719, "Shotgunner", 2781)
upgrade(12.550, 2.276, -5.719, 1396)
upgrade(12.550, 2.276, -5.719, 3228)
place(13.095, 0.967, -14.066, "Shotgunner", 2022)
upgrade(13.095, 2.317, -14.066, 809)
place(8.546, 0.963, -11.923, "Shotgunner", 4033)
upgrade(8.546, 2.313, -11.923, 2328)
upgrade(8.546, 2.313, -11.923, 1786)
place(15.686, 0.941, -9.705, "Shotgunner", 3345)
upgrade(15.686, 2.291, -9.705, 2015)
upgrade(15.686, 2.291, -9.705, 1521)
upgrade(13.095, 2.317, -14.066, 1879)
upgrade(11.477, 2.289, -7.988, 10786)
upgrade(12.550, 2.276, -5.719, 6548)
upgrade(9.364, 2.286, -6.619, 9525)
upgrade(8.546, 2.313, -11.923, 6592)
upgrade(15.686, 2.291, -9.705, 5370)
upgrade(13.095, 2.317, -14.066, 6995)
place(10.616, 0.925, -4.983, "Shotgunner", 4718)
upgrade(10.616, 2.275, -4.983, 3819)
upgrade(10.616, 2.275, -4.983, 3336)
upgrade(10.616, 2.275, -4.983, 6786)
place(14.705, 0.970, -15.396, "Shotgunner", 19737)
upgrade(14.705, 2.320, -15.396, 18786)
upgrade(14.705, 2.320, -15.396, 18996)
upgrade(14.705, 2.320, -15.396, 18556)
upgrade(8.546, 2.313, -11.923, 20036)
