place(1.092, 1.000, -33.491, "Militant", 600)
upgrade(1.092, 2.350, -33.491, 2362)
upgrade(1.092, 2.350, -33.491, 1728)
place(-5.232, 1.000, -33.519, "Militant", 1272)
upgrade(-5.232, 2.350, -33.519, 1428)
upgrade(-5.232, 2.350, -33.519, 1391)
place(0.506, 1.000, -30.454, "Militant", 602)
upgrade(0.506, 2.350, -30.454, 1387)
upgrade(0.506, 2.350, -30.454, 1087)
place(-5.026, 1.000, -30.439, "Militant", 1924)
upgrade(-5.026, 2.350, -30.439, 1333)
upgrade(-5.026, 2.350, -30.439, 723)
upgrade(-5.232, 2.350, -33.519, 3782)
upgrade(-5.026, 2.350, -30.439, 11940)
upgrade(-5.026, 2.350, -30.439, 9857)
upgrade(0.506, 2.350, -30.454, 3914)
upgrade(1.092, 2.350, -33.491, 2895)
place(0.637, 1.000, -27.396, "Militant", 4213)
upgrade(0.637, 2.350, -27.396, 3721)
upgrade(0.637, 2.350, -27.396, 3511)
upgrade(0.637, 2.350, -27.396, 3055)
place(0.788, 1.000, -36.539, "Pyromancer", 2495)
upgrade(0.788, 2.350, -36.539, 4425)
upgrade(0.788, 2.350, -36.539, 4110)
upgrade(0.788, 2.350, -36.539, 3601)
place(-5.087, 1.000, -27.374, "Militant", 1979)
upgrade(-5.087, 2.350, -27.374, 1399)
upgrade(-5.087, 2.350, -27.374, 764)
upgrade(-5.087, 2.350, -27.374, 4073)
upgrade(0.506, 2.350, -30.454, 10341)
place(-6.143, 0.950, -36.602, "Scout", 5441)
place(-7.681, 0.950, -34.424, "Shotgunner", 6216)
upgrade(-5.087, 2.350, -27.374, 9098)
upgrade(0.637, 2.350, -27.396, 8223)
upgrade(-5.232, 2.350, -33.519, 8673)
upgrade(1.092, 2.350, -33.491, 8673)
upgrade(0.788, 2.350, -36.539, 6666)
upgrade(0.788, 2.350, -36.539, 12875)
