place(31.253, 0.491, 27.636, "Farm", 300)
place(31.310, 0.306, 24.107, "Farm", 300)
place(31.235, 0.087, 20.481, "Farm", 300)
place(30.905, -0.097, 16.878, "Farm", 300)
upgrade(30.905, 1.028, 16.878, 200)
upgrade(31.235, 1.212, 20.481, 200)
upgrade(31.310, 1.431, 24.107, 200)
upgrade(31.253, 1.616, 27.636, 200)
upgrade(31.253, 1.616, 27.636, 600)
upgrade(31.310, 1.431, 24.107, 600)
upgrade(31.235, 1.212, 20.481, 600)
upgrade(30.905, 1.028, 16.878, 600)
place(11.019, 1.178, 21.897, "Electroshocker", 375)
place(11.019, 1.178, 21.897, "Electroshocker", 375)
upgrade(11.019, 2.528, 21.897, 200)
upgrade(11.019, 2.528, 21.897, 700)
place(7.978, 1.269, 22.005, "Electroshocker", 375)
upgrade(7.978, 2.619, 22.005, 200)
upgrade(7.978, 2.619, 22.005, 700)
place(31.308, -0.229, 12.900, "Farm", 300)
upgrade(31.308, 0.896, 12.900, 200)
upgrade(31.308, 0.896, 12.900, 600)
place(31.405, -0.319, 9.356, "Farm", 300)
upgrade(31.405, 0.806, 9.356, 200)
upgrade(31.308, 0.896, 12.900, 1250)
upgrade(31.405, 0.806, 9.356, 600)
place(31.502, 0.236, 5.826, "Farm", 300)
upgrade(31.502, 1.361, 5.826, 200)
upgrade(31.502, 1.361, 5.826, 600)
place(31.490, 0.418, 2.066, "Farm", 300)
upgrade(31.490, 1.543, 2.066, 200)
upgrade(31.490, 1.543, 2.066, 600)
place(31.352, -0.003, -1.586, "Farm", 300)
upgrade(31.352, 1.122, -1.586, 200)
upgrade(31.352, 1.122, -1.586, 600)
place(12.949, 1.212, 23.592, "Shotgunner", 1225)
upgrade(12.949, 2.562, 23.592, 640)
upgrade(12.949, 2.562, 23.592, 1550)
upgrade(30.905, 1.028, 16.878, 1250)
upgrade(31.235, 1.212, 20.481, 1250)
upgrade(31.310, 1.431, 24.107, 1250)
upgrade(31.253, 1.616, 27.636, 1250)
upgrade(31.405, 0.806, 9.356, 1250)
upgrade(31.502, 1.361, 5.826, 1250)
upgrade(31.490, 1.543, 2.066, 1250)
upgrade(31.352, 1.122, -1.586, 1250)
place(30.817, 0.250, -5.530, "Farm", 300)
upgrade(30.817, 1.375, -5.530, 200)
upgrade(30.817, 1.375, -5.530, 600)
upgrade(30.817, 1.375, -5.530, 1250)
upgrade(11.019, 2.528, 21.897, 2500)
upgrade(11.019, 2.528, 21.897, 6350)
upgrade(7.978, 2.619, 22.005, 2500)
upgrade(7.978, 2.619, 22.005, 6350)
place(13.646, 1.066, 21.695, "Shotgunner", 1225)
place(13.646, 1.066, 21.695, "Shotgunner", 1225)
place(12.462, 1.005, 19.747, "Shotgunner", 1225)
place(14.636, 0.867, 19.688, "Shotgunner", 1225)
place(14.968, 1.055, 23.352, "Shotgunner", 1225)
place(16.640, 0.693, 19.234, "Shotgunner", 1225)
upgrade(16.640, 2.043, 19.234, 640)
upgrade(16.640, 2.043, 19.234, 1550)
upgrade(14.636, 2.217, 19.688, 640)
upgrade(14.636, 2.217, 19.688, 1550)
upgrade(12.462, 2.355, 19.747, 640)
upgrade(12.462, 2.355, 19.747, 1550)
upgrade(13.646, 2.416, 21.695, 640)
upgrade(13.646, 2.416, 21.695, 1550)
upgrade(14.968, 2.405, 23.352, 640)
upgrade(14.968, 2.405, 23.352, 1550)
upgrade(16.640, 2.043, 19.234, 6000)
upgrade(14.636, 2.217, 19.688, 6000)
upgrade(12.462, 2.355, 19.747, 6000)
upgrade(13.646, 2.416, 21.695, 6000)
upgrade(14.968, 2.405, 23.352, 6000)
upgrade(12.949, 2.562, 23.592, 6000)
place(1.165, 0.428, 12.547, "Scout", 125)
place(4.298, 0.338, 13.645, "Crook Boss", 1600)
upgrade(12.462, 2.355, 19.747, 18500)
upgrade(14.636, 2.217, 19.688, 18500)
