place(-11.647, 1.547, 26.351, "Farm", 300)
upgrade(-11.647, 1.606, 26.351, 200)
place(-11.836, 1.491, 30.090, "Farm", 300)
upgrade(-11.836, 1.550, 30.090, 200)
place(-11.937, 1.405, 33.952, "Farm", 300)
upgrade(-11.937, 1.464, 33.952, 200)
place(-15.754, 1.531, 25.999, "Farm", 300)
upgrade(-15.754, 1.590, 25.999, 200)
place(9.944, 1.198, 21.736, "Boomerang", 550)
place(9.455, 1.188, 21.521, "Boomerang", 550)
upgrade(9.455, 2.549, 21.521, 400)
place(-15.484, 1.547, 29.707, "Farm", 300)
upgrade(-15.484, 1.607, 29.707, 200)
upgrade(-11.647, 1.606, 26.351, 600)
upgrade(-11.836, 1.550, 30.090, 600)
upgrade(-15.484, 1.607, 29.707, 600)
upgrade(-15.754, 1.590, 25.999, 600)
upgrade(-11.937, 1.464, 33.952, 600)
place(-15.432, 1.531, 33.407, "Farm", 300)
upgrade(-15.432, 1.590, 33.407, 200)
upgrade(-15.432, 1.590, 33.407, 600)
place(-16.007, 1.344, 37.502, "Farm", 300)
upgrade(-16.007, 1.404, 37.502, 200)
upgrade(-16.007, 1.404, 37.502, 600)
place(-12.512, 1.288, 38.099, "Farm", 300)
upgrade(-12.512, 1.348, 38.099, 200)
place(-20.523, 1.364, 36.681, "Farm", 300)
upgrade(-20.523, 1.423, 36.681, 200)
upgrade(-20.523, 1.423, 36.681, 600)
place(6.212, 1.267, 21.706, "Boomerang", 550)
upgrade(9.455, 2.549, 21.521, 750)
upgrade(9.455, 2.549, 21.521, 2500)
upgrade(6.212, 2.628, 21.706, 400)
upgrade(6.212, 2.628, 21.706, 750)
upgrade(6.212, 2.628, 21.706, 2500)
place(8.097, 0.807, 18.495, "Freezer", 425)
upgrade(8.097, 2.157, 18.495, 225)
upgrade(8.097, 2.157, 18.495, 650)
upgrade(8.097, 2.157, 18.495, 2000)
place(4.930, 1.011, 18.938, "Freezer", 425)
upgrade(4.930, 2.361, 18.938, 225)
upgrade(4.930, 2.361, 18.938, 650)
upgrade(4.930, 2.361, 18.938, 2000)
upgrade(-11.647, 1.606, 26.351, 1250)
upgrade(-15.754, 1.590, 25.999, 1250)
upgrade(-15.484, 1.607, 29.707, 1250)
upgrade(-11.836, 1.550, 30.090, 1250)
upgrade(-15.432, 1.590, 33.407, 1250)
place(-23.224, 1.029, 40.646, "Farm", 300)
upgrade(-23.224, 1.089, 40.646, 200)
upgrade(-11.937, 1.464, 33.952, 1250)
upgrade(-12.512, 1.348, 38.099, 600)
upgrade(-12.512, 1.348, 38.099, 1250)
upgrade(-16.007, 1.404, 37.502, 1250)
upgrade(-20.523, 1.423, 36.681, 1250)
upgrade(-23.224, 1.089, 40.646, 600)
upgrade(-23.224, 1.089, 40.646, 1250)
upgrade(9.455, 2.549, 21.521, 7000)
upgrade(6.212, 2.628, 21.706, 7000)
place(3.049, 1.329, 21.793, "Crook Boss", 1600)
upgrade(3.049, 2.679, 21.793, 1150)
upgrade(3.049, 2.679, 21.793, 3400)
place(1.063, 1.302, 18.843, "Crook Boss", 1600)
upgrade(1.063, 2.652, 18.843, 1150)
upgrade(1.063, 2.652, 18.843, 3400)
place(-0.437, 1.387, 21.522, "Crook Boss", 1600)
upgrade(-0.437, 2.737, 21.522, 1150)
upgrade(-0.437, 2.737, 21.522, 3400)
place(6.323, 1.390, 27.919, "Crook Boss", 1600)
upgrade(6.323, 2.740, 27.919, 1150)
upgrade(6.323, 2.740, 27.919, 3400)
place(-2.944, 1.483, 19.845, "Crook Boss", 1600)
place(-2.028, 1.417, 18.725, "Crook Boss", 1600)
upgrade(-2.028, 2.767, 18.725, 1150)
upgrade(-2.028, 2.767, 18.725, 3400)
upgrade(3.049, 2.679, 21.793, 13500)
upgrade(1.063, 2.652, 18.843, 13500)
upgrade(-0.437, 2.737, 21.522, 13500)
upgrade(-2.028, 2.767, 18.725, 13500)
upgrade(6.323, 2.740, 27.919, 13500)
place(-11.647, 1.547, 26.351, "Farm", 300)
upgrade(-11.647, 1.606, 26.351, 200)
place(-11.836, 1.491, 30.090, "Farm", 300)
upgrade(-11.836, 1.550, 30.090, 200)
place(-11.937, 1.405, 33.952, "Farm", 300)
upgrade(-11.937, 1.464, 33.952, 200)
place(-15.754, 1.531, 25.999, "Farm", 300)
upgrade(-15.754, 1.590, 25.999, 200)
place(9.944, 1.198, 21.736, "Boomerang", 550)
place(9.455, 1.188, 21.521, "Boomerang", 550)
upgrade(9.455, 2.549, 21.521, 400)
place(-15.484, 1.547, 29.707, "Farm", 300)
upgrade(-15.484, 1.607, 29.707, 200)
upgrade(-11.647, 1.606, 26.351, 600)
upgrade(-11.836, 1.550, 30.090, 600)
upgrade(-15.484, 1.607, 29.707, 600)
upgrade(-15.754, 1.590, 25.999, 600)
upgrade(-11.937, 1.464, 33.952, 600)
place(-15.432, 1.531, 33.407, "Farm", 300)
upgrade(-15.432, 1.590, 33.407, 200)
upgrade(-15.432, 1.590, 33.407, 600)
place(-16.007, 1.344, 37.502, "Farm", 300)
upgrade(-16.007, 1.404, 37.502, 200)
upgrade(-16.007, 1.404, 37.502, 600)
place(-12.512, 1.288, 38.099, "Farm", 300)
upgrade(-12.512, 1.348, 38.099, 200)
place(-20.523, 1.364, 36.681, "Farm", 300)
upgrade(-20.523, 1.423, 36.681, 200)
upgrade(-20.523, 1.423, 36.681, 600)
place(6.212, 1.267, 21.706, "Boomerang", 550)
upgrade(9.455, 2.549, 21.521, 750)
upgrade(9.455, 2.549, 21.521, 2500)
upgrade(6.212, 2.628, 21.706, 400)
upgrade(6.212, 2.628, 21.706, 750)
upgrade(6.212, 2.628, 21.706, 2500)
place(8.097, 0.807, 18.495, "Freezer", 425)
upgrade(8.097, 2.157, 18.495, 225)
upgrade(8.097, 2.157, 18.495, 650)
upgrade(8.097, 2.157, 18.495, 2000)
place(4.930, 1.011, 18.938, "Freezer", 425)
upgrade(4.930, 2.361, 18.938, 225)
upgrade(4.930, 2.361, 18.938, 650)
upgrade(4.930, 2.361, 18.938, 2000)
upgrade(-11.647, 1.606, 26.351, 1250)
upgrade(-15.754, 1.590, 25.999, 1250)
upgrade(-15.484, 1.607, 29.707, 1250)
upgrade(-11.836, 1.550, 30.090, 1250)
upgrade(-15.432, 1.590, 33.407, 1250)
place(-23.224, 1.029, 40.646, "Farm", 300)
upgrade(-23.224, 1.089, 40.646, 200)
upgrade(-11.937, 1.464, 33.952, 1250)
upgrade(-12.512, 1.348, 38.099, 600)
upgrade(-12.512, 1.348, 38.099, 1250)
upgrade(-16.007, 1.404, 37.502, 1250)
upgrade(-20.523, 1.423, 36.681, 1250)
upgrade(-23.224, 1.089, 40.646, 600)
upgrade(-23.224, 1.089, 40.646, 1250)
upgrade(9.455, 2.549, 21.521, 7000)
upgrade(6.212, 2.628, 21.706, 7000)
place(3.049, 1.329, 21.793, "Crook Boss", 1600)
upgrade(3.049, 2.679, 21.793, 1150)
upgrade(3.049, 2.679, 21.793, 3400)
place(1.063, 1.302, 18.843, "Crook Boss", 1600)
upgrade(1.063, 2.652, 18.843, 1150)
upgrade(1.063, 2.652, 18.843, 3400)
place(-0.437, 1.387, 21.522, "Crook Boss", 1600)
upgrade(-0.437, 2.737, 21.522, 1150)
upgrade(-0.437, 2.737, 21.522, 3400)
place(6.323, 1.390, 27.919, "Crook Boss", 1600)
upgrade(6.323, 2.740, 27.919, 1150)
upgrade(6.323, 2.740, 27.919, 3400)
place(-2.944, 1.483, 19.845, "Crook Boss", 1600)
place(-2.028, 1.417, 18.725, "Crook Boss", 1600)
upgrade(-2.028, 2.767, 18.725, 1150)
upgrade(-2.028, 2.767, 18.725, 3400)
upgrade(3.049, 2.679, 21.793, 13500)
upgrade(1.063, 2.652, 18.843, 13500)
place(1.165, 0.428, 12.547, "Scout", 125)
upgrade(-0.437, 2.737, 21.522, 13500)
upgrade(-2.028, 2.767, 18.725, 13500)
upgrade(6.323, 2.740, 27.919, 13500)
